4
2
1
3
5
25
21
22
8
10
9
7
42
24
41
6
45
43
23
44
66
49
63
70
64
61
14
50
46
62
71
26
65
30
74
29
75
73
48
60
69
12
27
68
67
28
11
55
57
72
35
13
51
40
36
56
20
47
15
17
39
53
52
38
31
37
16
59
54
33
58
85
80
78
76
77
32
84
91
19
18
94
95
93
92
34
79
83
81
82
99
87
88
89
90
86
98
96
97
100
125
141
124
121
134
142
144
143
122
145
133
132
135
131
123
104
102
110
128
114
106
157
130
149
109
136
138
103
101
150
126
146
167
127
113
148
156
169
166
108
196
147
119
173
140
105
197
171
151
178
137
117
168
139
175
129
170
107
153
158
177
172
179
115
163
112
198
199
174
159
180
154
176
160
111
118
155
200
162
165
161
152
120
116
164
181
192
182
185
195
184
190
187
183
188
191
189
194
193
186
