123
119
112
134
120
131
124
109
121
104
122
133
113
117
132
127
129
116
106
103
115
125
128
108
149
141
139
145
111
118
102
143
136
148
138
107
135
137
105
150
152
114
146
126
101
147
154
142
144
155
151
140
110
130
153
158
159
170
156
162
182
160
157
168
163
164
184
161
166
189
188
194
165
179
169
193
183
171
186
177
191
173
185
175
190
180
174
167
197
192
172
181
178
199
200
187
196
195
176
198
86
53
60
97
75
48
71
61
51
74
96
46
72
70
69
100
58
84
87
49
73
50
63
55
88
76
82
64
89
90
52
65
59
91
66
77
95
47
98
94
99
80
81
54
67
92
57
79
83
85
62
68
56
93
78
4
21
10
2
11
1
14
18
8
17
23
6
35
37
29
9
5
42
15
33
12
16
13
3
26
39
25
22
40
7
43
31
28
36
34
27
24
45
19
20
30
32
38
41
44
