6
18
50
24
3
53
49
36
27
21
51
16
5
43
13
10
33
19
1
37
30
12
26
7
44
11
38
46
34
29
2
48
45
54
28
47
52
8
42
31
39
25
55
9
4
35
20
17
22
32
14
41
23
40
15
59
64
57
60
65
61
84
79
63
80
56
58
69
66
75
78
92
74
85
70
68
72
97
73
67
86
83
105
100
62
76
71
89
104
91
101
81
95
96
94
82
77
90
88
109
106
87
99
107
93
98
108
102
103
110
113
122
130
114
135
132
136
121
115
117
111
127
112
125
134
116
119
145
128
131
139
120
144
138
129
137
123
124
147
133
148
126
156
158
146
142
150
151
141
157
118
140
159
160
143
152
165
163
161
149
162
153
154
164
155
166
169
171
170
181
168
167
172
175
191
196
173
174
185
194
182
178
177
195
183
189
186
190
179
187
184
188
192
198
200
180
199
197
193
176
